time: 1
profile: 1
SW: fluxes (Wm-2): down | up | down clear | up clear | heating rate (K/day)
   0    377.31342   22.63881  377.31342   22.63881    0.00000
   1    377.46595   22.70189  377.46595   22.70189    0.48613
   2    377.69486   22.79646  377.69486   22.79646    0.48741
   3    378.00026   22.92243  378.00026   22.92243    0.48921
   4    378.38232   23.07969  378.38232   23.07969    0.49155
   5    378.84126   23.26812  378.84126   23.26812    0.49442
   6    379.37733   23.48756  379.37733   23.48756    0.49786
   7    379.99085   23.73782  379.99085   23.73782    0.50187
   8    380.68217   24.01868  380.68217   24.01868    0.50647
   9    381.45170   24.32989  381.45170   24.32989    0.51169
  10    382.29991   24.67117  382.29991   24.67117    0.51755
  11    383.22732   25.04220  383.22732   25.04220    0.52406
  12    384.23453   25.44263  384.23453   25.44263    0.53131
  13    385.32221   25.87209  385.32221   25.87209    0.53929
  14    386.49108   26.33014  386.49108   26.33014    0.54805
  15    387.74195   26.81634  387.74195   26.81634    0.55762
  16    389.06773   27.32715  389.06773   27.32715    0.56799
  17    390.49134   27.85739  390.49134   27.85739    0.60134
  18    391.99255   28.40975  391.99255   28.40975    0.61582
  19    393.58179   28.98670  393.58179   28.98670    0.63186
  20    395.26130   29.58752  395.26130   29.58752    0.64960
  21    397.03325   30.21148  397.03325   30.21148    0.66896
  22    398.90009   30.85780  398.90009   30.85780    0.69010
  23    400.86461   31.52566  400.86461   31.52566    0.71320
  24    402.93000   32.21423  402.93000   32.21423    0.73849
  25    405.09995   32.92263  405.09995   32.92263    0.76622
  26    407.37874   33.64995  407.37874   33.64995    0.79672
  27    409.77138   34.39527  409.77138   34.39527    0.83037
  28    412.28424   35.15762  412.28424   35.15762    0.86787
  29    414.92601   35.93599  414.92601   35.93599    0.91038
  30    417.70805   36.72937  417.70805   36.72937    0.95921
  31    420.64334   37.53671  420.64334   37.53671    1.01514
  32    423.74994   38.35697  423.74994   38.35697    1.08061
  33    427.05540   39.18910  427.05540   39.18910    1.16010
  34    430.53609   40.03277  430.53609   40.03277    1.22944
  35    434.07853   40.88827  434.07853   40.88827    1.24719
  36    437.70083   41.75449  437.70083   41.75449    1.27557
  37    441.42946   42.63021  441.42946   42.63021    1.31858
  38    445.27421   43.51422  445.27421   43.51422    1.36866
  39    449.20353   44.40531  449.20353   44.40531    1.40686
  40    453.11799   45.30225  453.11799   45.30225    1.40171
  41    456.84516   46.20392  456.84516   46.20392    1.31842
  42    460.45033   47.10900  460.45033   47.10900    1.26646
  43    464.09485   48.01685  464.09485   48.01685    1.29040
  44    467.79154   48.92808  467.79154   48.92808    1.31968
  45    471.54823   49.84419  471.54823   49.84419    1.35020
  46    475.26595   50.76784  475.26595   50.76784    1.32885
  47    478.63699   51.70288  478.63699   51.70288    1.15476
  48    481.15886   52.65422  481.15886   52.65422    0.73852
  49    483.31485   53.62683  483.31485   53.62683    0.54905
  50    485.56006   54.62693  485.56006   54.62693    0.56668
  51    487.95108   55.66217  487.95108   55.66217    0.60154
  52    490.53536   56.74073  490.53536   56.74073    0.64748
  53    493.14859   57.87062  493.14859   57.87062    0.61528
  54    495.63657   59.05869  495.63657   59.05869    0.51860
  55    497.96762   60.30957  497.96762   60.30957    0.41425
  56    500.12877   61.62434  500.12877   61.62434    0.31286
  57    502.28311   62.99727  502.28311   62.99727    0.28048
  58    504.28922   64.40884  504.28922   64.40884    0.21067
  59    506.16516   65.81992  506.16516   65.81992    0.16735
  60    508.01116   67.17850  508.01116   67.17850    0.18512
  61    509.74287   68.43411  509.74287   68.43411    0.19865
  62    511.26795   69.55097  511.26795   69.55097    0.19422
  63    512.57425   70.51125  512.57425   70.51125    0.19390
  64    513.63813   71.30807  513.63813   71.30807    0.18234
  65    514.48374   71.94562  514.48374   71.94562    0.17917
  66    515.18179   72.43505  515.18179   72.43505    0.23570
  67    515.74244   72.78955  515.74244   72.78955    0.32337
  68    516.13119   73.02704  516.13119   73.02704    0.35550
  69    516.38092   73.17671  516.38092   73.17671    0.37416
  70    516.86214   73.37593  516.86214   73.37593    0.79391
SW: clear-clean fluxes (Wm-2): down surf | up surf | up toa
  377.31342   22.63881   73.37593

profile: 2
SW: fluxes (Wm-2): down | up | down clear | up clear | heating rate (K/day)
   0    377.31342   22.63881  377.31342   22.63881    0.00000
   1    377.46595   22.70189  377.46595   22.70189    0.48613
   2    377.69486   22.79646  377.69486   22.79646    0.48741
   3    378.00026   22.92243  378.00026   22.92243    0.48921
   4    378.38232   23.07969  378.38232   23.07969    0.49155
   5    378.84126   23.26812  378.84126   23.26812    0.49442
   6    379.37733   23.48756  379.37733   23.48756    0.49786
   7    379.99085   23.73782  379.99085   23.73782    0.50187
   8    380.68217   24.01868  380.68217   24.01868    0.50647
   9    381.45170   24.32989  381.45170   24.32989    0.51169
  10    382.29991   24.67117  382.29991   24.67117    0.51755
  11    383.22732   25.04220  383.22732   25.04220    0.52406
  12    384.23453   25.44263  384.23453   25.44263    0.53131
  13    385.32221   25.87209  385.32221   25.87209    0.53929
  14    386.49108   26.33014  386.49108   26.33014    0.54805
  15    387.74195   26.81634  387.74195   26.81634    0.55762
  16    389.06773   27.32715  389.06773   27.32715    0.56799
  17    390.49134   27.85739  390.49134   27.85739    0.60134
  18    391.99255   28.40975  391.99255   28.40975    0.61582
  19    393.58179   28.98670  393.58179   28.98670    0.63186
  20    395.26130   29.58752  395.26130   29.58752    0.64960
  21    397.03325   30.21148  397.03325   30.21148    0.66896
  22    398.90009   30.85780  398.90009   30.85780    0.69010
  23    400.86461   31.52566  400.86461   31.52566    0.71320
  24    402.93000   32.21423  402.93000   32.21423    0.73849
  25    405.09995   32.92263  405.09995   32.92263    0.76622
  26    407.37874   33.64995  407.37874   33.64995    0.79672
  27    409.77138   34.39527  409.77138   34.39527    0.83037
  28    412.28424   35.15762  412.28424   35.15762    0.86787
  29    414.92601   35.93599  414.92601   35.93599    0.91038
  30    417.70805   36.72937  417.70805   36.72937    0.95921
  31    420.64334   37.53671  420.64334   37.53671    1.01514
  32    423.74994   38.35697  423.74994   38.35697    1.08061
  33    427.05540   39.18910  427.05540   39.18910    1.16010
  34    430.53609   40.03277  430.53609   40.03277    1.22944
  35    434.07853   40.88827  434.07853   40.88827    1.24719
  36    437.70083   41.75449  437.70083   41.75449    1.27557
  37    441.42946   42.63021  441.42946   42.63021    1.31858
  38    445.27421   43.51422  445.27421   43.51422    1.36866
  39    449.20353   44.40531  449.20353   44.40531    1.40686
  40    453.11799   45.30225  453.11799   45.30225    1.40171
  41    456.84516   46.20392  456.84516   46.20392    1.31842
  42    460.45033   47.10900  460.45033   47.10900    1.26646
  43    464.09485   48.01685  464.09485   48.01685    1.29040
  44    467.79154   48.92808  467.79154   48.92808    1.31968
  45    471.54823   49.84419  471.54823   49.84419    1.35020
  46    475.26595   50.76784  475.26595   50.76784    1.32885
  47    478.63699   51.70288  478.63699   51.70288    1.15476
  48    481.15886   52.65422  481.15886   52.65422    0.73852
  49    483.31485   53.62683  483.31485   53.62683    0.54905
  50    485.56006   54.62693  485.56006   54.62693    0.56668
  51    487.95108   55.66217  487.95108   55.66217    0.60154
  52    490.53536   56.74073  490.53536   56.74073    0.64748
  53    493.14859   57.87062  493.14859   57.87062    0.61528
  54    495.63657   59.05869  495.63657   59.05869    0.51860
  55    497.96762   60.30957  497.96762   60.30957    0.41425
  56    500.12877   61.62434  500.12877   61.62434    0.31286
  57    502.28311   62.99727  502.28311   62.99727    0.28048
  58    504.28922   64.40884  504.28922   64.40884    0.21067
  59    506.16516   65.81992  506.16516   65.81992    0.16735
  60    508.01116   67.17850  508.01116   67.17850    0.18512
  61    509.74287   68.43411  509.74287   68.43411    0.19865
  62    511.26795   69.55097  511.26795   69.55097    0.19422
  63    512.57425   70.51125  512.57425   70.51125    0.19390
  64    513.63813   71.30807  513.63813   71.30807    0.18234
  65    514.48374   71.94562  514.48374   71.94562    0.17917
  66    515.18179   72.43505  515.18179   72.43505    0.23570
  67    515.74244   72.78955  515.74244   72.78955    0.32337
  68    516.13119   73.02704  516.13119   73.02704    0.35550
  69    516.38092   73.17671  516.38092   73.17671    0.37416
  70    516.86214   73.37593  516.86214   73.37593    0.79391
SW: clear-clean fluxes (Wm-2): down surf | up surf | up toa
  377.31342   22.63881   73.37593

profile: 3
SW: fluxes (Wm-2): down | up | down clear | up clear | heating rate (K/day)
   0    377.31342   22.63881  377.31342   22.63881    0.00000
   1    377.46595   22.70189  377.46595   22.70189    0.48613
   2    377.69486   22.79646  377.69486   22.79646    0.48741
   3    378.00026   22.92243  378.00026   22.92243    0.48921
   4    378.38232   23.07969  378.38232   23.07969    0.49155
   5    378.84126   23.26812  378.84126   23.26812    0.49442
   6    379.37733   23.48756  379.37733   23.48756    0.49786
   7    379.99085   23.73782  379.99085   23.73782    0.50187
   8    380.68217   24.01868  380.68217   24.01868    0.50647
   9    381.45170   24.32989  381.45170   24.32989    0.51169
  10    382.29991   24.67117  382.29991   24.67117    0.51755
  11    383.22732   25.04220  383.22732   25.04220    0.52406
  12    384.23453   25.44263  384.23453   25.44263    0.53131
  13    385.32221   25.87209  385.32221   25.87209    0.53929
  14    386.49108   26.33014  386.49108   26.33014    0.54805
  15    387.74195   26.81634  387.74195   26.81634    0.55762
  16    389.06773   27.32715  389.06773   27.32715    0.56799
  17    390.49134   27.85739  390.49134   27.85739    0.60134
  18    391.99255   28.40975  391.99255   28.40975    0.61582
  19    393.58179   28.98670  393.58179   28.98670    0.63186
  20    395.26130   29.58752  395.26130   29.58752    0.64960
  21    397.03325   30.21148  397.03325   30.21148    0.66896
  22    398.90009   30.85780  398.90009   30.85780    0.69010
  23    400.86461   31.52566  400.86461   31.52566    0.71320
  24    402.93000   32.21423  402.93000   32.21423    0.73849
  25    405.09995   32.92263  405.09995   32.92263    0.76622
  26    407.37874   33.64995  407.37874   33.64995    0.79672
  27    409.77138   34.39527  409.77138   34.39527    0.83037
  28    412.28424   35.15762  412.28424   35.15762    0.86787
  29    414.92601   35.93599  414.92601   35.93599    0.91038
  30    417.70805   36.72937  417.70805   36.72937    0.95921
  31    420.64334   37.53671  420.64334   37.53671    1.01514
  32    423.74994   38.35697  423.74994   38.35697    1.08061
  33    427.05540   39.18910  427.05540   39.18910    1.16010
  34    430.53609   40.03277  430.53609   40.03277    1.22944
  35    434.07853   40.88827  434.07853   40.88827    1.24719
  36    437.70083   41.75449  437.70083   41.75449    1.27557
  37    441.42946   42.63021  441.42946   42.63021    1.31858
  38    445.27421   43.51422  445.27421   43.51422    1.36866
  39    449.20353   44.40531  449.20353   44.40531    1.40686
  40    453.11799   45.30225  453.11799   45.30225    1.40171
  41    456.84516   46.20392  456.84516   46.20392    1.31842
  42    460.45033   47.10900  460.45033   47.10900    1.26646
  43    464.09485   48.01685  464.09485   48.01685    1.29040
  44    467.79154   48.92808  467.79154   48.92808    1.31968
  45    471.54823   49.84419  471.54823   49.84419    1.35020
  46    475.26595   50.76784  475.26595   50.76784    1.32885
  47    478.63699   51.70288  478.63699   51.70288    1.15476
  48    481.15886   52.65422  481.15886   52.65422    0.73852
  49    483.31485   53.62683  483.31485   53.62683    0.54905
  50    485.56006   54.62693  485.56006   54.62693    0.56668
  51    487.95108   55.66217  487.95108   55.66217    0.60154
  52    490.53536   56.74073  490.53536   56.74073    0.64748
  53    493.14859   57.87062  493.14859   57.87062    0.61528
  54    495.63657   59.05869  495.63657   59.05869    0.51860
  55    497.96762   60.30957  497.96762   60.30957    0.41425
  56    500.12877   61.62434  500.12877   61.62434    0.31286
  57    502.28311   62.99727  502.28311   62.99727    0.28048
  58    504.28922   64.40884  504.28922   64.40884    0.21067
  59    506.16516   65.81992  506.16516   65.81992    0.16735
  60    508.01116   67.17850  508.01116   67.17850    0.18512
  61    509.74287   68.43411  509.74287   68.43411    0.19865
  62    511.26795   69.55097  511.26795   69.55097    0.19422
  63    512.57425   70.51125  512.57425   70.51125    0.19390
  64    513.63813   71.30807  513.63813   71.30807    0.18234
  65    514.48374   71.94562  514.48374   71.94562    0.17917
  66    515.18179   72.43505  515.18179   72.43505    0.23570
  67    515.74244   72.78955  515.74244   72.78955    0.32337
  68    516.13119   73.02704  516.13119   73.02704    0.35550
  69    516.38092   73.17671  516.38092   73.17671    0.37416
  70    516.86214   73.37593  516.86214   73.37593    0.79391
SW: clear-clean fluxes (Wm-2): down surf | up surf | up toa
  377.31342   22.63881   73.37593

profile: 4
SW: fluxes (Wm-2): down | up | down clear | up clear | heating rate (K/day)
   0    377.31342   22.63881  377.31342   22.63881    0.00000
   1    377.46595   22.70189  377.46595   22.70189    0.48613
   2    377.69486   22.79646  377.69486   22.79646    0.48741
   3    378.00026   22.92243  378.00026   22.92243    0.48921
   4    378.38232   23.07969  378.38232   23.07969    0.49155
   5    378.84126   23.26812  378.84126   23.26812    0.49442
   6    379.37733   23.48756  379.37733   23.48756    0.49786
   7    379.99085   23.73782  379.99085   23.73782    0.50187
   8    380.68217   24.01868  380.68217   24.01868    0.50647
   9    381.45170   24.32989  381.45170   24.32989    0.51169
  10    382.29991   24.67117  382.29991   24.67117    0.51755
  11    383.22732   25.04220  383.22732   25.04220    0.52406
  12    384.23453   25.44263  384.23453   25.44263    0.53131
  13    385.32221   25.87209  385.32221   25.87209    0.53929
  14    386.49108   26.33014  386.49108   26.33014    0.54805
  15    387.74195   26.81634  387.74195   26.81634    0.55762
  16    389.06773   27.32715  389.06773   27.32715    0.56799
  17    390.49134   27.85739  390.49134   27.85739    0.60134
  18    391.99255   28.40975  391.99255   28.40975    0.61582
  19    393.58179   28.98670  393.58179   28.98670    0.63186
  20    395.26130   29.58752  395.26130   29.58752    0.64960
  21    397.03325   30.21148  397.03325   30.21148    0.66896
  22    398.90009   30.85780  398.90009   30.85780    0.69010
  23    400.86461   31.52566  400.86461   31.52566    0.71320
  24    402.93000   32.21423  402.93000   32.21423    0.73849
  25    405.09995   32.92263  405.09995   32.92263    0.76622
  26    407.37874   33.64995  407.37874   33.64995    0.79672
  27    409.77138   34.39527  409.77138   34.39527    0.83037
  28    412.28424   35.15762  412.28424   35.15762    0.86787
  29    414.92601   35.93599  414.92601   35.93599    0.91038
  30    417.70805   36.72937  417.70805   36.72937    0.95921
  31    420.64334   37.53671  420.64334   37.53671    1.01514
  32    423.74994   38.35697  423.74994   38.35697    1.08061
  33    427.05540   39.18910  427.05540   39.18910    1.16010
  34    430.53609   40.03277  430.53609   40.03277    1.22944
  35    434.07853   40.88827  434.07853   40.88827    1.24719
  36    437.70083   41.75449  437.70083   41.75449    1.27557
  37    441.42946   42.63021  441.42946   42.63021    1.31858
  38    445.27421   43.51422  445.27421   43.51422    1.36866
  39    449.20353   44.40531  449.20353   44.40531    1.40686
  40    453.11799   45.30225  453.11799   45.30225    1.40171
  41    456.84516   46.20392  456.84516   46.20392    1.31842
  42    460.45033   47.10900  460.45033   47.10900    1.26646
  43    464.09485   48.01685  464.09485   48.01685    1.29040
  44    467.79154   48.92808  467.79154   48.92808    1.31968
  45    471.54823   49.84419  471.54823   49.84419    1.35020
  46    475.26595   50.76784  475.26595   50.76784    1.32885
  47    478.63699   51.70288  478.63699   51.70288    1.15476
  48    481.15886   52.65422  481.15886   52.65422    0.73852
  49    483.31485   53.62683  483.31485   53.62683    0.54905
  50    485.56006   54.62693  485.56006   54.62693    0.56668
  51    487.95108   55.66217  487.95108   55.66217    0.60154
  52    490.53536   56.74073  490.53536   56.74073    0.64748
  53    493.14859   57.87062  493.14859   57.87062    0.61528
  54    495.63657   59.05869  495.63657   59.05869    0.51860
  55    497.96762   60.30957  497.96762   60.30957    0.41425
  56    500.12877   61.62434  500.12877   61.62434    0.31286
  57    502.28311   62.99727  502.28311   62.99727    0.28048
  58    504.28922   64.40884  504.28922   64.40884    0.21067
  59    506.16516   65.81992  506.16516   65.81992    0.16735
  60    508.01116   67.17850  508.01116   67.17850    0.18512
  61    509.74287   68.43411  509.74287   68.43411    0.19865
  62    511.26795   69.55097  511.26795   69.55097    0.19422
  63    512.57425   70.51125  512.57425   70.51125    0.19390
  64    513.63813   71.30807  513.63813   71.30807    0.18234
  65    514.48374   71.94562  514.48374   71.94562    0.17917
  66    515.18179   72.43505  515.18179   72.43505    0.23570
  67    515.74244   72.78955  515.74244   72.78955    0.32337
  68    516.13119   73.02704  516.13119   73.02704    0.35550
  69    516.38092   73.17671  516.38092   73.17671    0.37416
  70    516.86214   73.37593  516.86214   73.37593    0.79391
SW: clear-clean fluxes (Wm-2): down surf | up surf | up toa
  377.31342   22.63881   73.37593

