time: 1
profile: 1
LW: fluxes (Wm-2): down | up | down clear | up clear | heating rate (K/day)
   0    298.65940  456.73395  298.65940  456.73395    0.00000
   1    298.12308  448.54439  298.12308  448.54439   41.59402
   2    297.32829  444.73588  297.32829  444.73588   10.93450
   3    296.27583  441.95774  296.27583  441.95774    4.70503
   4    294.97075  439.71159  294.97075  439.71159    2.05775
   5    293.42014  437.64299  293.42014  437.64299    0.94678
   6    291.63295  435.58390  291.63295  435.58390    0.42752
   7    289.62023  433.46146  289.62023  433.46146    0.15157
   8    287.39576  431.23519  287.39576  431.23519    0.00223
   9    284.97702  428.87721  284.97702  428.87721   -0.06784
  10    282.38698  426.36834  282.38698  426.36834   -0.08287
  11    279.65789  423.69667  279.65789  423.69667   -0.05408
  12    276.83844  420.85528  276.83844  420.85528    0.01920
  13    274.01605  417.84189  274.01605  417.84189    0.15650
  14    271.37098  414.65205  271.37098  414.65205    0.42002
  15    269.27493  411.28296  269.27493  411.28296    0.92833
  16    275.35120  411.51024  275.35120  411.51024    4.07641
  17    275.27004  418.46184  275.27004  418.46184   -4.73385
  18    271.22871  417.13426  271.22871  417.13426   -1.76127
  19    267.00554  415.03691  267.00554  415.03691   -1.32691
  20    262.58875  412.49348  262.58875  412.49348   -1.12816
  21    257.97095  409.65769  257.97095  409.65769   -1.03842
  22    253.15118  406.59520  253.15118  406.59520   -0.99359
  23    248.12675  403.33967  248.12675  403.33967   -0.97296
  24    242.89304  399.91222  242.89304  399.91222   -0.96882
  25    237.44346  396.32850  237.44346  396.32850   -0.97818
  26    231.76931  392.60157  231.76931  392.60157   -0.99996
  27    225.85915  388.74272  225.85915  388.74272   -1.03400
  28    219.68817  384.75835  219.68817  384.75835   -1.08408
  29    213.22534  380.65462  213.22534  380.65462   -1.15256
  30    206.42989  376.43773  206.42989  376.43773   -1.24374
  31    199.25912  372.11775  199.25912  372.11775   -1.35997
  32    191.65183  367.70254  191.65183  367.70254   -1.50870
  33    183.51429  363.20126  183.51429  363.20126   -1.70557
  34    174.88692  358.67951  174.88692  358.67951   -1.91414
  35    166.10604  354.26196  166.10604  354.26196   -2.02532
  36    157.19570  349.93535  157.19570  349.93535   -2.12144
  37    148.16510  345.70736  148.16510  345.70736   -2.21972
  38    139.07507  341.60098  139.07507  341.60098   -2.30380
  39    130.04054  337.64257  130.04054  337.64257   -2.35051
  40    121.20238  333.85914  121.20238  333.85914   -2.34804
  41    112.69161  330.23170  112.69161  330.23170   -2.27864
  42    104.27594  326.53763  104.27594  326.53763   -2.21464
  43     95.62660  322.76310   95.62660  322.76310   -2.29858
  44     86.74427  319.08387   86.74427  319.08387   -2.46509
  45     77.79550  315.55803   77.79550  315.55803   -2.57765
  46     69.14392  312.23678   69.14392  312.23678   -2.53510
  47     61.13058  309.18966   61.13058  309.18966   -2.35418
  48     55.04202  306.58959   55.04202  306.58959   -1.64041
  49     49.97877  304.17980   49.97877  304.17980   -1.23112
  50     44.61613  301.67444   44.61613  301.67444   -1.30041
  51     38.83110  299.08281   38.83110  299.08281   -1.41687
  52     32.66027  296.44677   32.66027  296.44677   -1.52000
  53     26.69372  293.91704   26.69372  293.91704   -1.42558
  54     21.08334  291.54464   21.08334  291.54464   -1.29178
  55     16.11561  289.32126   16.11561  289.32126   -1.05249
  56     12.34196  287.27647   12.34196  287.27647   -0.63906
  57      9.13366  285.38647    9.13366  285.38647   -0.47319
  58      7.27524  283.93509    7.27524  283.93509   -0.14423
  59      6.57863  283.03085    6.57863  283.03085    0.07475
  60      6.22844  282.60711    6.22844  282.60711    0.02793
  61      6.03078  282.60654    6.03078  282.60654   -0.08223
  62      5.86086  282.90070    5.86086  282.90070   -0.22079
  63      5.47449  283.25658    5.47449  283.25658   -0.41595
  64      4.80248  283.68491    4.80248  283.68491   -0.75129
  65      3.94776  284.01362    3.94776  284.01362   -1.01911
  66      3.21654  284.21953    3.21654  284.21953   -1.05886
  67      2.76711  284.46354    2.76711  284.46354   -1.08769
  68      2.56315  284.91484    2.56315  284.91484   -1.54006
  69      1.95600  285.52548    1.95600  285.52548   -4.55338
  70     -0.00000  285.82404   -0.00000  285.82404   -6.34734
LW: clear-clean fluxes (Wm-2): down surf | up surf | up toa
  298.65940  456.73395  285.82404

profile: 2
LW: fluxes (Wm-2): down | up | down clear | up clear | heating rate (K/day)
   0    298.65940  456.73395  298.65940  456.73395    0.00000
   1    298.12308  448.54439  298.12308  448.54439   41.59402
   2    297.32829  444.73588  297.32829  444.73588   10.93450
   3    296.27583  441.95774  296.27583  441.95774    4.70503
   4    294.97075  439.71159  294.97075  439.71159    2.05775
   5    293.42014  437.64299  293.42014  437.64299    0.94678
   6    291.63295  435.58390  291.63295  435.58390    0.42752
   7    289.62023  433.46146  289.62023  433.46146    0.15157
   8    287.39576  431.23519  287.39576  431.23519    0.00223
   9    284.97702  428.87721  284.97702  428.87721   -0.06784
  10    282.38698  426.36834  282.38698  426.36834   -0.08287
  11    279.65789  423.69667  279.65789  423.69667   -0.05408
  12    276.83844  420.85528  276.83844  420.85528    0.01920
  13    274.01605  417.84189  274.01605  417.84189    0.15650
  14    271.37098  414.65205  271.37098  414.65205    0.42002
  15    269.27493  411.28296  269.27493  411.28296    0.92833
  16    275.35120  411.51024  275.35120  411.51024    4.07641
  17    275.27004  418.46184  275.27004  418.46184   -4.73385
  18    271.22871  417.13426  271.22871  417.13426   -1.76127
  19    267.00554  415.03691  267.00554  415.03691   -1.32691
  20    262.58875  412.49348  262.58875  412.49348   -1.12816
  21    257.97095  409.65769  257.97095  409.65769   -1.03842
  22    253.15118  406.59520  253.15118  406.59520   -0.99359
  23    248.12675  403.33967  248.12675  403.33967   -0.97296
  24    242.89304  399.91222  242.89304  399.91222   -0.96882
  25    237.44346  396.32850  237.44346  396.32850   -0.97818
  26    231.76931  392.60157  231.76931  392.60157   -0.99996
  27    225.85915  388.74272  225.85915  388.74272   -1.03400
  28    219.68817  384.75835  219.68817  384.75835   -1.08408
  29    213.22534  380.65462  213.22534  380.65462   -1.15256
  30    206.42989  376.43773  206.42989  376.43773   -1.24374
  31    199.25912  372.11775  199.25912  372.11775   -1.35997
  32    191.65183  367.70254  191.65183  367.70254   -1.50870
  33    183.51429  363.20126  183.51429  363.20126   -1.70557
  34    174.88692  358.67951  174.88692  358.67951   -1.91414
  35    166.10604  354.26196  166.10604  354.26196   -2.02532
  36    157.19570  349.93535  157.19570  349.93535   -2.12144
  37    148.16510  345.70736  148.16510  345.70736   -2.21972
  38    139.07507  341.60098  139.07507  341.60098   -2.30380
  39    130.04054  337.64257  130.04054  337.64257   -2.35051
  40    121.20238  333.85914  121.20238  333.85914   -2.34804
  41    112.69161  330.23170  112.69161  330.23170   -2.27864
  42    104.27594  326.53763  104.27594  326.53763   -2.21464
  43     95.62660  322.76310   95.62660  322.76310   -2.29858
  44     86.74427  319.08387   86.74427  319.08387   -2.46509
  45     77.79550  315.55803   77.79550  315.55803   -2.57765
  46     69.14392  312.23678   69.14392  312.23678   -2.53510
  47     61.13058  309.18966   61.13058  309.18966   -2.35418
  48     55.04202  306.58959   55.04202  306.58959   -1.64041
  49     49.97877  304.17980   49.97877  304.17980   -1.23112
  50     44.61613  301.67444   44.61613  301.67444   -1.30041
  51     38.83110  299.08281   38.83110  299.08281   -1.41687
  52     32.66027  296.44677   32.66027  296.44677   -1.52000
  53     26.69372  293.91704   26.69372  293.91704   -1.42558
  54     21.08334  291.54464   21.08334  291.54464   -1.29178
  55     16.11561  289.32126   16.11561  289.32126   -1.05249
  56     12.34196  287.27647   12.34196  287.27647   -0.63906
  57      9.13366  285.38647    9.13366  285.38647   -0.47319
  58      7.27524  283.93509    7.27524  283.93509   -0.14423
  59      6.57863  283.03085    6.57863  283.03085    0.07475
  60      6.22844  282.60711    6.22844  282.60711    0.02793
  61      6.03078  282.60654    6.03078  282.60654   -0.08223
  62      5.86086  282.90070    5.86086  282.90070   -0.22079
  63      5.47449  283.25658    5.47449  283.25658   -0.41595
  64      4.80248  283.68491    4.80248  283.68491   -0.75129
  65      3.94776  284.01362    3.94776  284.01362   -1.01911
  66      3.21654  284.21953    3.21654  284.21953   -1.05886
  67      2.76711  284.46354    2.76711  284.46354   -1.08769
  68      2.56315  284.91484    2.56315  284.91484   -1.54006
  69      1.95600  285.52548    1.95600  285.52548   -4.55338
  70     -0.00000  285.82404   -0.00000  285.82404   -6.34734
LW: clear-clean fluxes (Wm-2): down surf | up surf | up toa
  298.65940  456.73395  285.82404

profile: 3
LW: fluxes (Wm-2): down | up | down clear | up clear | heating rate (K/day)
   0    298.65940  456.73395  298.65940  456.73395    0.00000
   1    298.12308  448.54439  298.12308  448.54439   41.59402
   2    297.32829  444.73588  297.32829  444.73588   10.93450
   3    296.27583  441.95774  296.27583  441.95774    4.70503
   4    294.97075  439.71159  294.97075  439.71159    2.05775
   5    293.42014  437.64299  293.42014  437.64299    0.94678
   6    291.63295  435.58390  291.63295  435.58390    0.42752
   7    289.62023  433.46146  289.62023  433.46146    0.15157
   8    287.39576  431.23519  287.39576  431.23519    0.00223
   9    284.97702  428.87721  284.97702  428.87721   -0.06784
  10    282.38698  426.36834  282.38698  426.36834   -0.08287
  11    279.65789  423.69667  279.65789  423.69667   -0.05408
  12    276.83844  420.85528  276.83844  420.85528    0.01920
  13    274.01605  417.84189  274.01605  417.84189    0.15650
  14    271.37098  414.65205  271.37098  414.65205    0.42002
  15    269.27493  411.28296  269.27493  411.28296    0.92833
  16    275.35120  411.51024  275.35120  411.51024    4.07641
  17    275.27004  418.46184  275.27004  418.46184   -4.73385
  18    271.22871  417.13426  271.22871  417.13426   -1.76127
  19    267.00554  415.03691  267.00554  415.03691   -1.32691
  20    262.58875  412.49348  262.58875  412.49348   -1.12816
  21    257.97095  409.65769  257.97095  409.65769   -1.03842
  22    253.15118  406.59520  253.15118  406.59520   -0.99359
  23    248.12675  403.33967  248.12675  403.33967   -0.97296
  24    242.89304  399.91222  242.89304  399.91222   -0.96882
  25    237.44346  396.32850  237.44346  396.32850   -0.97818
  26    231.76931  392.60157  231.76931  392.60157   -0.99996
  27    225.85915  388.74272  225.85915  388.74272   -1.03400
  28    219.68817  384.75835  219.68817  384.75835   -1.08408
  29    213.22534  380.65462  213.22534  380.65462   -1.15256
  30    206.42989  376.43773  206.42989  376.43773   -1.24374
  31    199.25912  372.11775  199.25912  372.11775   -1.35997
  32    191.65183  367.70254  191.65183  367.70254   -1.50870
  33    183.51429  363.20126  183.51429  363.20126   -1.70557
  34    174.88692  358.67951  174.88692  358.67951   -1.91414
  35    166.10604  354.26196  166.10604  354.26196   -2.02532
  36    157.19570  349.93535  157.19570  349.93535   -2.12144
  37    148.16510  345.70736  148.16510  345.70736   -2.21972
  38    139.07507  341.60098  139.07507  341.60098   -2.30380
  39    130.04054  337.64257  130.04054  337.64257   -2.35051
  40    121.20238  333.85914  121.20238  333.85914   -2.34804
  41    112.69161  330.23170  112.69161  330.23170   -2.27864
  42    104.27594  326.53763  104.27594  326.53763   -2.21464
  43     95.62660  322.76310   95.62660  322.76310   -2.29858
  44     86.74427  319.08387   86.74427  319.08387   -2.46509
  45     77.79550  315.55803   77.79550  315.55803   -2.57765
  46     69.14392  312.23678   69.14392  312.23678   -2.53510
  47     61.13058  309.18966   61.13058  309.18966   -2.35418
  48     55.04202  306.58959   55.04202  306.58959   -1.64041
  49     49.97877  304.17980   49.97877  304.17980   -1.23112
  50     44.61613  301.67444   44.61613  301.67444   -1.30041
  51     38.83110  299.08281   38.83110  299.08281   -1.41687
  52     32.66027  296.44677   32.66027  296.44677   -1.52000
  53     26.69372  293.91704   26.69372  293.91704   -1.42558
  54     21.08334  291.54464   21.08334  291.54464   -1.29178
  55     16.11561  289.32126   16.11561  289.32126   -1.05249
  56     12.34196  287.27647   12.34196  287.27647   -0.63906
  57      9.13366  285.38647    9.13366  285.38647   -0.47319
  58      7.27524  283.93509    7.27524  283.93509   -0.14423
  59      6.57863  283.03085    6.57863  283.03085    0.07475
  60      6.22844  282.60711    6.22844  282.60711    0.02793
  61      6.03078  282.60654    6.03078  282.60654   -0.08223
  62      5.86086  282.90070    5.86086  282.90070   -0.22079
  63      5.47449  283.25658    5.47449  283.25658   -0.41595
  64      4.80248  283.68491    4.80248  283.68491   -0.75129
  65      3.94776  284.01362    3.94776  284.01362   -1.01911
  66      3.21654  284.21953    3.21654  284.21953   -1.05886
  67      2.76711  284.46354    2.76711  284.46354   -1.08769
  68      2.56315  284.91484    2.56315  284.91484   -1.54006
  69      1.95600  285.52548    1.95600  285.52548   -4.55338
  70     -0.00000  285.82404   -0.00000  285.82404   -6.34734
LW: clear-clean fluxes (Wm-2): down surf | up surf | up toa
  298.65940  456.73395  285.82404

profile: 4
LW: fluxes (Wm-2): down | up | down clear | up clear | heating rate (K/day)
   0    298.65940  456.73395  298.65940  456.73395    0.00000
   1    298.12308  448.54439  298.12308  448.54439   41.59402
   2    297.32829  444.73588  297.32829  444.73588   10.93450
   3    296.27583  441.95774  296.27583  441.95774    4.70503
   4    294.97075  439.71159  294.97075  439.71159    2.05775
   5    293.42014  437.64299  293.42014  437.64299    0.94678
   6    291.63295  435.58390  291.63295  435.58390    0.42752
   7    289.62023  433.46146  289.62023  433.46146    0.15157
   8    287.39576  431.23519  287.39576  431.23519    0.00223
   9    284.97702  428.87721  284.97702  428.87721   -0.06784
  10    282.38698  426.36834  282.38698  426.36834   -0.08287
  11    279.65789  423.69667  279.65789  423.69667   -0.05408
  12    276.83844  420.85528  276.83844  420.85528    0.01920
  13    274.01605  417.84189  274.01605  417.84189    0.15650
  14    271.37098  414.65205  271.37098  414.65205    0.42002
  15    269.27493  411.28296  269.27493  411.28296    0.92833
  16    275.35120  411.51024  275.35120  411.51024    4.07641
  17    275.27004  418.46184  275.27004  418.46184   -4.73385
  18    271.22871  417.13426  271.22871  417.13426   -1.76127
  19    267.00554  415.03691  267.00554  415.03691   -1.32691
  20    262.58875  412.49348  262.58875  412.49348   -1.12816
  21    257.97095  409.65769  257.97095  409.65769   -1.03842
  22    253.15118  406.59520  253.15118  406.59520   -0.99359
  23    248.12675  403.33967  248.12675  403.33967   -0.97296
  24    242.89304  399.91222  242.89304  399.91222   -0.96882
  25    237.44346  396.32850  237.44346  396.32850   -0.97818
  26    231.76931  392.60157  231.76931  392.60157   -0.99996
  27    225.85915  388.74272  225.85915  388.74272   -1.03400
  28    219.68817  384.75835  219.68817  384.75835   -1.08408
  29    213.22534  380.65462  213.22534  380.65462   -1.15256
  30    206.42989  376.43773  206.42989  376.43773   -1.24374
  31    199.25912  372.11775  199.25912  372.11775   -1.35997
  32    191.65183  367.70254  191.65183  367.70254   -1.50870
  33    183.51429  363.20126  183.51429  363.20126   -1.70557
  34    174.88692  358.67951  174.88692  358.67951   -1.91414
  35    166.10604  354.26196  166.10604  354.26196   -2.02532
  36    157.19570  349.93535  157.19570  349.93535   -2.12144
  37    148.16510  345.70736  148.16510  345.70736   -2.21972
  38    139.07507  341.60098  139.07507  341.60098   -2.30380
  39    130.04054  337.64257  130.04054  337.64257   -2.35051
  40    121.20238  333.85914  121.20238  333.85914   -2.34804
  41    112.69161  330.23170  112.69161  330.23170   -2.27864
  42    104.27594  326.53763  104.27594  326.53763   -2.21464
  43     95.62660  322.76310   95.62660  322.76310   -2.29858
  44     86.74427  319.08387   86.74427  319.08387   -2.46509
  45     77.79550  315.55803   77.79550  315.55803   -2.57765
  46     69.14392  312.23678   69.14392  312.23678   -2.53510
  47     61.13058  309.18966   61.13058  309.18966   -2.35418
  48     55.04202  306.58959   55.04202  306.58959   -1.64041
  49     49.97877  304.17980   49.97877  304.17980   -1.23112
  50     44.61613  301.67444   44.61613  301.67444   -1.30041
  51     38.83110  299.08281   38.83110  299.08281   -1.41687
  52     32.66027  296.44677   32.66027  296.44677   -1.52000
  53     26.69372  293.91704   26.69372  293.91704   -1.42558
  54     21.08334  291.54464   21.08334  291.54464   -1.29178
  55     16.11561  289.32126   16.11561  289.32126   -1.05249
  56     12.34196  287.27647   12.34196  287.27647   -0.63906
  57      9.13366  285.38647    9.13366  285.38647   -0.47319
  58      7.27524  283.93509    7.27524  283.93509   -0.14423
  59      6.57863  283.03085    6.57863  283.03085    0.07475
  60      6.22844  282.60711    6.22844  282.60711    0.02793
  61      6.03078  282.60654    6.03078  282.60654   -0.08223
  62      5.86086  282.90070    5.86086  282.90070   -0.22079
  63      5.47449  283.25658    5.47449  283.25658   -0.41595
  64      4.80248  283.68491    4.80248  283.68491   -0.75129
  65      3.94776  284.01362    3.94776  284.01362   -1.01911
  66      3.21654  284.21953    3.21654  284.21953   -1.05886
  67      2.76711  284.46354    2.76711  284.46354   -1.08769
  68      2.56315  284.91484    2.56315  284.91484   -1.54006
  69      1.95600  285.52548    1.95600  285.52548   -4.55338
  70     -0.00000  285.82404   -0.00000  285.82404   -6.34734
LW: clear-clean fluxes (Wm-2): down surf | up surf | up toa
  298.65940  456.73395  285.82404

