netcdf 7460_28.ire{                                                             

dimensions:
    lon            =   1;
    lat            =   1;
    plev           = 167;


variables:
    float lon(lon);                                                           
             lon:units = "degree";                                            
             lon:title = "longitude";                                        
    float lat(lat);                                                           
             lat:units = "degree";                                            
             lat:title = "latitude";                                         
    float plev(plev);                                                         
             plev:units = "pa";                                               
             plev:title = "pressure";                                        

    float ire(plev,lat,lon);                                                   
             ire:units = "kg.kg-1";                                           
             ire:title = "Characteristic Dimension";                                         

data:
              lon =  0.000000E+00;
              lat =  0.000000E+00;
             plev =  0.300000E-01, 0.579000E+01, 0.854000E+02, 0.159000E+03,
                     0.305000E+03, 0.600000E+03, 0.122000E+04, 0.257000E+04,
                     0.300000E+04, 0.350000E+04, 0.409000E+04, 0.480000E+04,
                     0.536123E+04, 0.559462E+04, 0.583933E+04, 0.609590E+04,
                     0.636434E+04, 0.664528E+04, 0.694077E+04, 0.725242E+04,
                     0.758089E+04, 0.792613E+04, 0.828770E+04, 0.866535E+04,
                     0.905891E+04, 0.946972E+04, 0.989977E+04, 0.103498E+05,
                     0.108202E+05, 0.113099E+05, 0.118177E+05, 0.123443E+05,
                     0.128902E+05, 0.134556E+05, 0.140403E+05, 0.146449E+05,
                     0.152697E+05, 0.159140E+05, 0.165764E+05, 0.172555E+05,
                     0.179487E+05, 0.186525E+05, 0.193622E+05, 0.200718E+05,
                     0.207743E+05, 0.214626E+05, 0.221296E+05, 0.227692E+05,
                     0.233762E+05, 0.239481E+05, 0.244847E+05, 0.249882E+05,
                     0.254627E+05, 0.259134E+05, 0.263460E+05, 0.267658E+05,
                     0.271777E+05, 0.275856E+05, 0.279924E+05, 0.284004E+05,
                     0.288108E+05, 0.292248E+05, 0.296427E+05, 0.300650E+05,
                     0.304918E+05, 0.309234E+05, 0.313599E+05, 0.318012E+05,
                     0.322475E+05, 0.326988E+05, 0.331550E+05, 0.336163E+05,
                     0.340826E+05, 0.345541E+05, 0.350308E+05, 0.355127E+05,
                     0.359999E+05, 0.364926E+05, 0.369907E+05, 0.374945E+05,
                     0.380039E+05, 0.385188E+05, 0.390389E+05, 0.395645E+05,
                     0.400955E+05, 0.406319E+05, 0.411740E+05, 0.417219E+05,
                     0.422756E+05, 0.428351E+05, 0.434007E+05, 0.439725E+05,
                     0.445506E+05, 0.451352E+05, 0.457259E+05, 0.463229E+05,
                     0.469262E+05, 0.475357E+05, 0.481517E+05, 0.487744E+05,
                     0.494041E+05, 0.500408E+05, 0.506846E+05, 0.513355E+05,
                     0.519935E+05, 0.526586E+05, 0.533310E+05, 0.540106E+05,
                     0.546976E+05, 0.553920E+05, 0.560937E+05, 0.568030E+05,
                     0.575197E+05, 0.582437E+05, 0.589750E+05, 0.597137E+05,
                     0.604599E+05, 0.612137E+05, 0.619752E+05, 0.627444E+05,
                     0.635215E+05, 0.643064E+05, 0.650994E+05, 0.659006E+05,
                     0.667099E+05, 0.675276E+05, 0.683537E+05, 0.691883E+05,
                     0.700314E+05, 0.708832E+05, 0.717438E+05, 0.726131E+05,
                     0.734913E+05, 0.743783E+05, 0.752741E+05, 0.761786E+05,
                     0.770914E+05, 0.780120E+05, 0.789394E+05, 0.798719E+05,
                     0.808071E+05, 0.817414E+05, 0.826705E+05, 0.835889E+05,
                     0.844906E+05, 0.853692E+05, 0.862190E+05, 0.870354E+05,
                     0.878153E+05, 0.885578E+05, 0.892642E+05, 0.899376E+05,
                     0.905824E+05, 0.912042E+05, 0.918084E+05, 0.924001E+05,
                     0.929838E+05, 0.935631E+05, 0.941406E+05, 0.947181E+05,
                     0.952968E+05, 0.958777E+05, 0.964615E+05, 0.970485E+05,
                     0.976388E+05, 0.982325E+05, 0.988296E+05;
              ire =  0.237590E-04, 0.330754E-04, 0.110506E-03, 0.919274E-04,
                     0.642557E-04, 0.482905E-04, 0.390794E-04, 0.337651E-04,
                     0.330754E-04, 0.324513E-04, 0.303627E-04, 0.249511E-04,
                     0.152855E-04, 0.146515E-04, 0.139631E-04, 0.134692E-04,
                     0.133974E-04, 0.128747E-04, 0.117057E-04, 0.107779E-04,
                     0.100144E-04, 0.977367E-05, 0.972055E-05, 0.996273E-05,
                     0.103113E-04, 0.102322E-04, 0.100468E-04, 0.100473E-04,
                     0.100864E-04, 0.108345E-04, 0.116332E-04, 0.124673E-04,
                     0.133524E-04, 0.145031E-04, 0.158049E-04, 0.171213E-04,
                     0.185085E-04, 0.204145E-04, 0.225852E-04, 0.250699E-04,
                     0.278219E-04, 0.309780E-04, 0.326238E-04, 0.332978E-04,
                     0.340165E-04, 0.347297E-04, 0.354074E-04, 0.360931E-04,
                     0.368147E-04, 0.375348E-04, 0.382424E-04, 0.389165E-04,
                     0.395770E-04, 0.402260E-04, 0.408850E-04, 0.415553E-04,
                     0.422341E-04, 0.429272E-04, 0.436405E-04, 0.443393E-04,
                     0.450601E-04, 0.458072E-04, 0.465824E-04, 0.473554E-04,
                     0.480836E-04, 0.488384E-04, 0.496219E-04, 0.504353E-04,
                     0.512909E-04, 0.521772E-04, 0.530992E-04, 0.540570E-04,
                     0.550423E-04, 0.560524E-04, 0.570952E-04, 0.581749E-04,
                     0.592698E-04, 0.602892E-04, 0.613299E-04, 0.623901E-04,
                     0.634696E-04, 0.649584E-04, 0.665192E-04, 0.681413E-04,
                     0.698271E-04, 0.714618E-04, 0.730394E-04, 0.746724E-04,
                     0.763628E-04, 0.780480E-04, 0.794927E-04, 0.809970E-04,
                     0.825327E-04, 0.841089E-04, 0.860947E-04, 0.881521E-04,
                     0.902805E-04, 0.924957E-04, 0.944336E-04, 0.960555E-04,
                     0.976841E-04, 0.993072E-04, 0.100934E-03, 0.102783E-03,
                     0.104757E-03, 0.106806E-03, 0.108805E-03, 0.110834E-03,
                     0.113046E-03, 0.115299E-03, 0.117482E-03, 0.119846E-03,
                     0.123006E-03, 0.124000E-03, 0.124000E-03, 0.124000E-03,
                     0.124000E-03, 0.124000E-03, 0.124000E-03, 0.124000E-03,
                     0.124000E-03, 0.124000E-03, 0.124000E-03, 0.124000E-03,
                     0.124000E-03, 0.124000E-03, 0.124000E-03, 0.124000E-03,
                     0.124000E-03, 0.124000E-03, 0.124000E-03, 0.124000E-03,
                     0.124000E-03, 0.124000E-03, 0.124000E-03, 0.124000E-03,
                     0.124000E-03, 0.124000E-03, 0.124000E-03, 0.124000E-03,
                     0.124000E-03, 0.124000E-03, 0.124000E-03, 0.124000E-03,
                     0.124000E-03, 0.124000E-03, 0.124000E-03, 0.124000E-03,
                     0.124000E-03, 0.124000E-03, 0.124000E-03, 0.124000E-03,
                     0.124000E-03, 0.124000E-03, 0.124000E-03, 0.124000E-03,
                     0.124000E-03, 0.124000E-03, 0.124000E-03, 0.124000E-03,
                     0.124000E-03, 0.124000E-03, 0.124000E-03, 0.124000E-03,
                     0.124000E-03, 0.124000E-03, 0.124000E-03;

}
